*COORDINATES
14
1 0 0
2 0 8
3 0 16
4 0 24
5 8 8
6 8 16
7 16 8
8 16 16
9 24 8
10 24 16
11 16 24
12 24 24
13 32 16
14 32 24

*ELEMENT_GROUPS
22
1 1 BAR
2 1 BAR
3 1 BAR
4 1 BAR
5 1 BAR
6 1 BAR
7 1 BAR
8 1 BAR
9 1 BAR
10 1 BAR
11 1 BAR
12 1 BAR
13 1 BAR
14 1 BAR
15 1 BAR
16 1 BAR
17 1 BAR
18 1 BAR
19 1 BAR
20 1 BAR
21 1 BAR
22 1 BAR
23 1 BAR
24 1 BAR
25 1 BAR

*INCIDENCES
1 1 2
2 2 5
3 2 5
4 2 3
5 2 6
6 3 6
7 3 4
8 4 6
9 5 6
10 5 7
11 5 8
12 6 8
13 7 8
14 7 9
15 8 9
16 9 10
17 8 10
18 8 11
19 10 12
20 8 12
21 11 12
22 11 13
23 12 13
24 12 14
25 13 14

*MATERIALS
25
210E9 1570E6 1570E6
210E9 1570E6 1570E6
210E9 1570E6 1570E6
210E9 1570E6 1570E6
210E9 1570E6 1570E6
210E9 1570E6 1570E6
210E9 1570E6 1570E6
210E9 1570E6 1570E6
210E9 1570E6 1570E6
210E9 1570E6 1570E6
210E9 1570E6 1570E6
210E9 1570E6 1570E6
210E9 1570E6 1570E6
210E9 1570E6 1570E6
210E9 1570E6 1570E6
210E9 1570E6 1570E6
210E9 1570E6 1570E6
210E9 1570E6 1570E6
210E9 1570E6 1570E6
210E9 1570E6 1570E6
210E9 1570E6 1570E6
210E9 1570E6 1570E6
210E9 1570E6 1570E6
210E9 1570E6 1570E6
210E9 1570E6 1570E6

*GEOMETRIC_PROPERTIES
25
45E-3
45E-3
45E-3
45E-3
45E-3
45E-3
45E-3
45E-3
45E-3
45E-3
45E-3
45E-3
45E-3
45E-3
45E-3
45E-3
45E-3
45E-3
45E-3
45E-3
45E-3
45E-3
45E-3
45E-3
45E-3

*BCNODES
6
1 1
1 2
2 2
3 2
4 1
4 2

*LOADS
6
7 1 32000
9 1 32000
9 2 -16000
10 2 -32000
12 2 -48000
14 2 -64000