*DISPLACEMENTS

1 0.0 0.0
2 0.7981013525994497 0.0
3 0.3993281450193196 0.0
4 0.0 0.0
5 0.7980546095819135 0.3989316388725775
6 0.39932354200080694 0.39898094578933196
7 0.7980074548578856 0.7973218839614056
8 0.39950728115136996 0.7973126779243801
9 0.7979240041497422 1.1954029356795655
10 0.39950728115136996 1.1952872487039328
11 0.0015971062949108534 0.7973394658543498
12 0.001649035328882882 1.195184842619852
13 0.39892565648475115 1.5922868583589493
14 0.001649035328882882 1.5922326784647693

*REACTION FORCES

1 FX = 0.0
1 FY = 0.0
2 FY = -8.483635371e4
3 FY = 0.0
4 FX = -1.4308014913e5
4 FY = 1.4308014913e5

*ELEMENT_STRAINS

1 0.0
2 -5.842877192019369e-06
3 -5.842877192019369e-06
4 0.0
5 1.2695949418076068e-05
6 -5.753773140854124e-07
7 0.0
8 2.141226321718905e-05
9 6.163364594309606e-06
10 -5.894340503492801e-06
11 -1.0393086171306241e-05
12 2.2967393820377824e-05
13 -1.1507546281847025e-06
14 -1.0431338517927213e-05
15 2.040407769917086e-05
16 -1.4460871954086185e-05
17 0.0
18 3.3484912462106164e-06
19 -1.280076051010659e-05
20 8.699295615449537e-07
21 6.491129246503571e-06
22 -7.257303122973833e-06
23 1.0912838548154162e-05
24 0.0
25 -6.77248677249942e-06

*ELEMENT_STRESSES

1 0.0
2 -1.2270042103240674e6
3 -1.2270042103240674e6
4 0.0
5 2.6661493777959743e6
6 -1.208292359579366e5
7 0.0
8 4.4965752756097e6
9 1.2943065648050173e6
10 -1.2378115057334881e6
11 -2.1825480959743103e6
12 4.823152702279343e6
13 -2.4165847191878755e5
14 -2.190581088764715e6
15 4.284856316825881e6
16 -3.036783110358099e6
17 0.0
18 7.031831617042294e5
19 -2.688159707122384e6
20 1.8268520792444027e5
21 1.36313714176575e6
22 -1.524033655824505e6
23 2.291696095112374e6
24 0.0
25 -1.4222222222248781e6
